# Matter power spectrum P(k) at redshift z=0
# for k=1.04182e-05 to 5.31614 h/Mpc,
# number of wavenumbers equal to 556
#    1:k (h/Mpc)              2:P (Mpc/h)^3        
       1.041817236165e-05       4.828849916081e+01 
       2.328070954425e-05       1.050377182962e+02 
       3.618830658940e-05       1.608760052676e+02 
       4.917559290691e-05       2.163709197155e+02 
       6.227776866284e-05       2.718502880208e+02 
       7.553091775611e-05       3.275627561471e+02 
       8.897233077026e-05       3.837228953465e+02 
       1.026408421843e-04       4.405297092949e+02 
       1.165771861600e-04       4.981761969731e+02 
       1.308243752561e-04       5.568551675097e+02 
       1.454281064265e-04       6.167633235995e+02 
       1.604371986019e-04       6.781044707200e+02 
       1.759040659807e-04       7.410922771518e+02 
       1.918852307897e-04       8.059528180002e+02 
       2.084418786335e-04       8.729270288859e+02 
       2.256404584893e-04       9.422731396492e+02 
       2.435533277707e-04       1.014269123005e+03 
       2.622594404543e-04       1.089215171599e+03 
       2.818450727717e-04       1.167436186853e+03 
       3.024045760931e-04       1.249284230335e+03 
       3.240411399959e-04       1.335140867113e+03 
       3.468675397178e-04       1.425419287575e+03 
       3.710068308739e-04       1.520566043588e+03 
       3.965929402025e-04       1.621062188795e+03 
       4.237710842261e-04       1.727423540279e+03 
       4.526979285512e-04       1.840199718682e+03 
       4.835413804238e-04       1.959971551002e+03 
       5.164798885485e-04       2.087346370507e+03 
       5.517011111036e-04       2.222950725259e+03 
       5.893998110479e-04       2.367420019694e+03 
       6.297748544831e-04       2.521384741725e+03 
       6.730252308583e-04       2.685453121486e+03 
       7.193450896238e-04       2.860190373732e+03 
       7.689178985729e-04       3.046095201593e+03 
       8.219099683430e-04       3.243574702291e+03 
       8.784637379513e-04       3.452919400897e+03 
       9.386913487734e-04       3.674280560782e+03 
       1.002669112829e-03       3.907652206105e+03 
       1.070433472020e-03       4.152860071132e+03 
       1.141978930099e-03       4.409559144616e+03 
       1.217258227060e-03       4.677240589132e+03 
       1.296184753732e-03       4.955247655040e+03 
       1.378636929769e-03       5.242777058445e+03 
       1.464464049904e-03       5.538952633612e+03 
       1.553492982640e-03       5.842847971875e+03 
       1.645535094786e-03       6.153483792150e+03 
       1.740392858057e-03       6.469872608331e+03 
       1.837865735481e-03       6.791042255656e+03 
       1.937755106491e-03       7.116054677413e+03 
       2.039868138098e-03       7.444020355679e+03 
       2.144020626153e-03       7.774107690694e+03 
       2.250038908493e-03       8.105548873130e+03 
       2.357760993548e-03       8.437643168954e+03 
       2.467037061212e-03       8.769754629766e+03 
       2.577729486653e-03       9.101312704708e+03 
       2.689712520388e-03       9.431806809350e+03 
       2.802871735693e-03       9.760784014054e+03 
       2.917103331513e-03       1.008784304896e+04 
       3.032313357984e-03       1.041263168429e+04 
       3.148416913645e-03       1.073483985909e+04 
       3.265337348750e-03       1.105419802618e+04 
       3.383005497657e-03       1.137047062368e+04 
       3.501358954601e-03       1.168345386419e+04 
       3.620341400847e-03       1.199297177745e+04 
       3.739901986740e-03       1.229887455294e+04 
       3.859994769071e-03       1.260103196390e+04 
       3.980578202161e-03       1.289933741293e+04 
       4.101614679831e-03       1.319369817832e+04 
       4.223070124687e-03       1.348404030408e+04 
       4.344913620846e-03       1.377030073522e+04 
       4.467117086146e-03       1.405243177972e+04 
       4.589654979987e-03       1.433039467469e+04 
       4.712504043145e-03       1.460415444357e+04 
       4.835643066145e-03       1.487365382132e+04 
       4.959052683091e-03       1.513898157422e+04 
       5.082715188100e-03       1.540001868632e+04 
       5.206614371811e-03       1.565683711501e+04 
       5.330735375673e-03       1.590945819603e+04 
       5.455064561992e-03       1.615788288047e+04 
       5.579589397928e-03       1.640206936156e+04 
       5.704298351840e-03       1.664132140147e+04 
       5.829180800583e-03       1.687712920885e+04 
       5.954226946494e-03       1.710877250984e+04 
       6.079427742979e-03       1.733622949077e+04 
       6.204774827729e-03       1.755966965982e+04 
       6.330260462711e-03       1.777918246575e+04 
       6.455877480178e-03       1.799483551272e+04 
       6.581619234040e-03       1.820592138407e+04 
       6.707479556009e-03       1.841318779580e+04 
       6.833452715994e-03       1.861646155816e+04 
       6.959533386302e-03       1.881587765648e+04 
       7.085716609224e-03       1.901141700859e+04 
       7.211997767672e-03       1.920301073732e+04 
       7.338372558520e-03       1.939088939092e+04 
       7.464836968405e-03       1.957483386541e+04 
       7.591387251702e-03       1.975574176920e+04 
       7.718019910480e-03       1.993236735905e+04 
       7.844731676227e-03       2.010533497162e+04 
       7.971519493174e-03       2.027466911970e+04 
       8.098380503065e-03       2.044040708736e+04 
       8.225312031218e-03       2.060263097768e+04 
       8.352311573782e-03       2.076132822567e+04 
       8.479376786044e-03       2.091653937271e+04 
       8.606505471712e-03       2.106830790336e+04 
       8.733695573073e-03       2.121667420080e+04 
       8.860945161949e-03       2.136166820774e+04 
       8.988252431379e-03       2.150330167878e+04 
       9.115615687958e-03       2.164166346254e+04 
       9.243033344782e-03       2.177677023477e+04 
       9.370503914939e-03       2.190866323340e+04 
       9.498026005505e-03       2.203735832382e+04 
       9.625598311996e-03       2.216288576373e+04 
       9.753219613242e-03       2.228536081979e+04 
       9.880888766646e-03       2.240468150117e+04 
       1.000860470379e-02       2.252097749930e+04 
       1.013636642638e-02       2.263426031070e+04 
       1.026417300247e-02       2.274391531689e+04 
       1.039202356299e-02       2.285199666666e+04 
       1.051991729845e-02       2.295637342316e+04 
       1.064785345603e-02       2.305793662219e+04 
       1.077583133668e-02       2.315665337614e+04 
       1.090385029262e-02       2.325255521195e+04 
       1.103190972486e-02       2.334568568803e+04 
       1.116000908101e-02       2.343606595811e+04 
       1.128814785315e-02       2.352372987332e+04 
       1.141632557593e-02       2.360877333016e+04 
       1.154454182478e-02       2.369098261482e+04 
       1.167279621416e-02       2.377067837124e+04 
       1.180108839610e-02       2.384779890784e+04 
       1.192941805868e-02       2.392232561761e+04 
       1.205778492469e-02       2.399433717233e+04 
       1.218618875041e-02       2.406376619494e+04 
       1.231462932440e-02       2.413091727763e+04 
       1.244310646647e-02       2.419549140219e+04 
       1.257162002660e-02       2.425754570973e+04 
       1.270016988408e-02       2.431731564896e+04 
       1.282875594659e-02       2.437476844051e+04 
       1.295737814944e-02       2.442992233804e+04 
       1.308603645478e-02       2.448262504155e+04 
       1.321473085096e-02       2.453315080597e+04 
       1.334346135186e-02       2.458146792009e+04 
       1.347222799632e-02       2.462749916096e+04 
       1.360103084761e-02       2.467136047373e+04 
       1.372986999292e-02       2.471293756545e+04 
       1.385874554293e-02       2.475249172204e+04 
       1.398765763138e-02       2.478991773986e+04 
       1.411660641470e-02       2.482536205110e+04 
       1.424559207170e-02       2.485854165744e+04 
       1.437461480320e-02       2.488979179688e+04 
       1.450367483186e-02       2.491901265503e+04 
       1.463277240182e-02       2.494626170363e+04 
       1.476190777862e-02       2.497156184935e+04 
       1.489108124889e-02       2.499489255307e+04 
       1.502029312029e-02       2.501636883656e+04 
       1.514954372135e-02       2.503593082776e+04 
       1.527883340136e-02       2.505361740497e+04 
       1.540816253027e-02       2.506952230839e+04 
       1.553753149869e-02       2.508353065726e+04 
       1.566694071781e-02       2.509578955426e+04 
       1.579639061942e-02       2.510624555518e+04 
       1.592588165586e-02       2.511498870749e+04 
       1.605541430014e-02       2.512204050269e+04 
       1.618498904592e-02       2.512743316755e+04 
       1.631460640758e-02       2.513104869939e+04 
       1.644426692036e-02       2.513301221509e+04 
       1.657397114042e-02       2.513340613664e+04 
       1.670371964497e-02       2.513216805989e+04 
       1.683351303244e-02       2.512933855673e+04 
       1.696335192260e-02       2.512496826108e+04 
       1.709323695679e-02       2.511831292791e+04 
       1.722316879805e-02       2.511164022358e+04 
       1.735314813138e-02       2.510269726491e+04 
       1.748317566398e-02       2.509232492295e+04 
       1.761325212542e-02       2.508045105092e+04 
       1.774337826800e-02       2.506724767926e+04 
       1.787355486696e-02       2.505199725177e+04 
       1.800378272080e-02       2.503565835924e+04 
       1.813406265159e-02       2.501798625846e+04 
       1.826439550530e-02       2.500008933226e+04 
       1.839478215214e-02       2.498002148258e+04 
       1.852522348693e-02       2.495856853327e+04 
       1.865572042947e-02       2.493469874752e+04 
       1.878627392495e-02       2.491164998121e+04 
       1.891688494434e-02       2.488641272299e+04 
       1.904755448485e-02       2.485929131779e+04 
       1.917828357034e-02       2.483101914419e+04 
       1.930907325183e-02       2.480338657085e+04 
       1.943992460796e-02       2.477332561659e+04 
       1.957083874548e-02       2.474111370339e+04 
       1.970181679979e-02       2.470958120472e+04 
       1.983285993549e-02       2.467548203354e+04 
       1.996396934690e-02       2.464153581274e+04 
       2.009514625867e-02       2.460526247697e+04 
       2.022639192637e-02       2.456909989963e+04 
       2.035770763712e-02       2.453143898374e+04 
       2.048909471019e-02       2.449265777449e+04 
       2.062055449771e-02       2.445274407341e+04 
       2.075208838532e-02       2.441119861119e+04 
       2.088369779291e-02       2.437015592510e+04 
       2.101538417528e-02       2.432742090707e+04 
       2.114714902299e-02       2.428283817943e+04 
       2.127899386303e-02       2.423824579264e+04 
       2.141092025971e-02       2.419361873040e+04 
       2.154292981542e-02       2.414636784354e+04 
       2.167502417152e-02       2.409918524521e+04 
       2.180720500922e-02       2.405118546779e+04 
       2.193947405045e-02       2.400222629911e+04 
       2.207183305883e-02       2.395239710711e+04 
       2.220428384063e-02       2.390170156838e+04 
       2.233682824574e-02       2.385045602029e+04 
       2.246946816872e-02       2.379830370472e+04 
       2.260220554985e-02       2.374530307286e+04 
       2.273504237621e-02       2.369170699077e+04 
       2.286798068281e-02       2.363750677637e+04 
       2.300102255378e-02       2.358234818989e+04 
       2.313417012352e-02       2.352644358926e+04 
       2.326742557793e-02       2.347070731535e+04 
       2.340079115575e-02       2.341279131429e+04 
       2.353426914979e-02       2.335513480541e+04 
       2.366786190833e-02       2.329664076067e+04 
       2.380157183654e-02       2.323753235536e+04 
       2.393540139783e-02       2.317779748679e+04 
       2.406935311546e-02       2.311780409890e+04 
       2.420342957398e-02       2.305692452757e+04 
       2.433763342084e-02       2.299604201654e+04 
       2.447196736806e-02       2.293393235795e+04 
       2.460643419389e-02       2.287068986069e+04 
       2.474103674454e-02       2.280772581870e+04 
       2.487577793601e-02       2.274417162519e+04 
       2.501066075595e-02       2.268051938844e+04 
       2.514568826555e-02       2.261553585131e+04 
       2.528086360158e-02       2.255032471086e+04 
       2.541618997839e-02       2.248482495499e+04 
       2.555167069005e-02       2.241896102657e+04 
       2.568730911256e-02       2.235265899637e+04 
       2.582310870609e-02       2.228578438135e+04 
       2.595907301736e-02       2.221840856673e+04 
       2.609520568202e-02       2.215101852175e+04 
       2.623151042720e-02       2.208260717525e+04 
       2.636799107409e-02       2.201423001413e+04 
       2.650465154063e-02       2.194533643385e+04 
       2.664149584429e-02       2.187612757798e+04 
       2.677852810494e-02       2.180660121243e+04 
       2.691575254787e-02       2.173718842328e+04 
       2.705317350684e-02       2.166659408528e+04 
       2.719079542731e-02       2.159645952948e+04 
       2.732862286975e-02       2.152523859527e+04 
       2.746666051308e-02       2.145419089842e+04 
       2.760491315823e-02       2.138306265368e+04 
       2.774338573187e-02       2.131113732896e+04 
       2.788208329022e-02       2.123964298789e+04 
       2.802101102303e-02       2.116714743342e+04 
       2.816017425776e-02       2.109455226199e+04 
       2.829957846381e-02       2.102188274276e+04 
       2.843922925704e-02       2.094894913001e+04 
       2.857913240437e-02       2.087585282130e+04 
       2.871929382858e-02       2.080252246220e+04 
       2.885971961336e-02       2.072942036968e+04 
       2.900041600848e-02       2.065553814212e+04 
       2.914138943520e-02       2.058133635206e+04 
       2.928264649192e-02       2.050727916628e+04 
       2.942419396003e-02       2.043299423534e+04 
       2.956603880999e-02       2.035857698963e+04 
       2.970818820773e-02       2.028407684698e+04 
       2.985064952123e-02       2.020929544423e+04 
       2.999343032743e-02       2.013444941516e+04 
       3.013653841940e-02       2.005956234353e+04 
       3.027998181388e-02       1.998441950757e+04 
       3.042376875906e-02       1.990921810249e+04 
       3.056790774277e-02       1.983386129364e+04 
       3.071240750097e-02       1.975885261442e+04 
       3.085727702669e-02       1.968303893302e+04 
       3.100252557928e-02       1.960742028452e+04 
       3.114816269417e-02       1.953169806632e+04 
       3.129419819299e-02       1.945626483599e+04 
       3.144064219422e-02       1.938020712141e+04 
       3.158750512431e-02       1.930429532900e+04 
       3.173479772930e-02       1.922827519193e+04 
       3.188253108701e-02       1.915237253834e+04 
       3.203071661982e-02       1.907646382753e+04 
       3.217936610808e-02       1.900026910360e+04 
       3.232849170409e-02       1.892416027595e+04 
       3.247810594686e-02       1.884806195173e+04 
       3.262822177758e-02       1.877206030917e+04 
       3.277885255581e-02       1.869563655133e+04 
       3.293001207655e-02       1.861954994296e+04 
       3.308171458819e-02       1.854345821217e+04 
       3.323397481132e-02       1.846718401505e+04 
       3.338680795856e-02       1.839100207658e+04 
       3.354022975546e-02       1.831477573873e+04 
       3.369425646247e-02       1.823839955159e+04 
       3.384890489813e-02       1.816223575523e+04 
       3.400419246348e-02       1.808602090635e+04 
       3.416013716784e-02       1.801000824779e+04 
       3.431675765601e-02       1.793367776225e+04 
       3.447407323705e-02       1.785741861994e+04 
       3.463210391457e-02       1.778152190324e+04 
       3.479087041894e-02       1.770518952349e+04 
       3.495039424118e-02       1.762915298300e+04 
       3.511069766901e-02       1.755314300461e+04 
       3.527180382493e-02       1.747726935899e+04 
       3.543373670664e-02       1.740126518108e+04 
       3.559652122994e-02       1.732527219225e+04 
       3.576018327421e-02       1.724935418221e+04 
       3.592474973077e-02       1.717356171195e+04 
       3.609024855433e-02       1.709768851494e+04 
       3.625670881763e-02       1.702195565218e+04 
       3.642416076971e-02       1.694627392179e+04 
       3.659263589793e-02       1.687048979738e+04 
       3.676216699417e-02       1.679487791381e+04 
       3.693278822546e-02       1.671936286043e+04 
       3.710453520935e-02       1.664368185556e+04 
       3.727744509463e-02       1.656831583994e+04 
       3.745155664756e-02       1.649274628300e+04 
       3.762691034428e-02       1.641725218005e+04 
       3.780354846989e-02       1.634181658636e+04 
       3.798151522468e-02       1.626646271454e+04 
       3.816085683828e-02       1.619114990604e+04 
       3.834162169234e-02       1.611604303332e+04 
       3.852386045257e-02       1.604063723188e+04 
       3.870762621097e-02       1.596538830928e+04 
       3.889297463916e-02       1.589014369640e+04 
       3.907996415399e-02       1.581493673212e+04 
       3.926865609650e-02       1.573983728510e+04 
       3.945911492553e-02       1.566470700242e+04 
       3.965140842750e-02       1.558947040514e+04 
       3.984560794397e-02       1.551462143888e+04 
       4.004178861876e-02       1.543930457932e+04 
       4.024002966666e-02       1.536420585658e+04 
       4.044041466614e-02       1.528907382053e+04 
       4.064303187844e-02       1.521387152629e+04 
       4.084797459609e-02       1.513880936356e+04 
       4.105534152403e-02       1.506348655904e+04 
       4.126523719711e-02       1.498833813936e+04 
       4.147777243805e-02       1.491304597610e+04 
       4.169306486074e-02       1.483781269606e+04 
       4.191123942415e-02       1.476249466051e+04 
       4.213242904309e-02       1.468698597435e+04 
       4.235677526294e-02       1.461160776569e+04 
       4.258442900622e-02       1.453599934217e+04 
       4.281555140053e-02       1.446034012812e+04 
       4.305031469827e-02       1.438454001114e+04 
       4.328890330076e-02       1.430864580591e+04 
       4.353151490070e-02       1.423289543510e+04 
       4.377836175987e-02       1.415646397865e+04 
       4.402967214107e-02       1.408010032147e+04 
       4.428569191696e-02       1.400356075392e+04 
       4.454668638221e-02       1.392684600943e+04 
       4.481294229972e-02       1.384983167843e+04 
       4.508477021768e-02       1.377263970934e+04 
       4.536250710054e-02       1.369521601166e+04 
       4.564651932510e-02       1.361751971554e+04 
       4.593720610292e-02       1.353942604736e+04 
       4.623500340197e-02       1.346135483658e+04 
       4.654038845520e-02       1.338236236593e+04 
       4.685388496165e-02       1.330321450139e+04 
       4.717606910793e-02       1.322328215522e+04 
       4.750757656523e-02       1.314320601170e+04 
       4.784911065150e-02       1.306253082147e+04 
       4.820145189073e-02       1.298115360354e+04 
       4.856546925537e-02       1.289914135890e+04 
       4.894213344480e-02       1.281656129195e+04 
       4.933253263863e-02       1.273304140391e+04 
       4.973789127135e-02       1.264925330111e+04 
       5.015959251259e-02       1.256342980232e+04 
       5.059920531261e-02       1.247712202814e+04 
       5.105851709581e-02       1.238947124515e+04 
       5.153957346968e-02       1.230087700596e+04 
       5.204472667753e-02       1.221090954725e+04 
       5.257669497677e-02       1.211897020502e+04 
       5.313863568669e-02       1.202540291139e+04 
       5.373423532697e-02       1.192949976592e+04 
       5.436782104518e-02       1.183095643001e+04 
       5.504449833833e-02       1.172958784709e+04 
       5.577032072517e-02       1.162472482095e+04 
       5.655249709935e-02       1.151624963273e+04 
       5.739964110242e-02       1.140230566328e+04 
       5.832206223718e-02       1.128293573238e+04 
       5.933208727715e-02       1.115587803896e+04 
       6.044437697227e-02       1.101916327199e+04 
       6.167615789942e-02       1.087116728546e+04 
       6.304721108736e-02       1.070763959398e+04 
       6.457934235152e-02       1.052426134661e+04 
       6.629493111842e-02       1.031502667708e+04 
       6.821412828801e-02       1.007332728648e+04 
       7.035059718961e-02       9.791596973447e+03 
       7.270662632813e-02       9.463701994358e+03 
       7.526974414766e-02       9.086715495310e+03 
       7.801334698080e-02       8.663690620179e+03 
       8.090195757974e-02       8.204309486724e+03 
       8.389864139478e-02       7.724700598712e+03 
       8.697098696894e-02       7.243547712594e+03 
       9.009383965504e-02       6.779497719529e+03 
       9.324928964874e-02       6.348254410248e+03 
       9.642530761694e-02       5.961147568442e+03 
       9.961411602344e-02       5.624859825675e+03 
       1.028108068576e-01       5.341027677047e+03 
       1.060123295019e-01       5.107083980420e+03 
       1.092168054135e-01       4.917223475284e+03 
       1.124230843167e-01       4.763508275835e+03 
       1.156304642154e-01       4.636286686896e+03 
       1.188385174861e-01       4.525716019907e+03 
       1.220469838668e-01       4.422134633395e+03 
       1.252557049768e-01       4.317439561430e+03 
       1.284645843861e-01       4.204823555878e+03 
       1.316735633140e-01       4.080500975564e+03 
       1.348826058569e-01       3.943069621812e+03 
       1.380916900154e-01       3.793018376344e+03 
       1.413008022449e-01       3.634001508677e+03 
       1.445099341469e-01       3.469635245921e+03 
       1.477190804604e-01       3.305563531311e+03 
       1.509282378408e-01       3.146430994112e+03 
       1.541374041185e-01       2.996775964503e+03 
       1.573465778477e-01       2.860033172113e+03 
       1.605557580318e-01       2.738442813335e+03 
       1.637649439554e-01       2.632888876330e+03 
       1.669741350826e-01       2.543045078899e+03 
       1.701833309932e-01       2.467629722515e+03 
       1.733925313442e-01       2.404481809473e+03 
       1.766017358461e-01       2.350772150552e+03 
       1.798109442467e-01       2.303561573295e+03 
       1.830201563226e-01       2.259956766301e+03 
       1.862293718716e-01       2.217459011095e+03 
       1.894385907098e-01       2.173437439154e+03 
       1.926478126674e-01       2.125891168503e+03 
       1.958570375877e-01       2.073935331303e+03 
       1.990662653248e-01       2.017435331102e+03 
       2.022754957428e-01       1.956989408014e+03 
       2.054847287145e-01       1.893744026958e+03 
       2.086939641209e-01       1.829365044062e+03 
       2.119032018503e-01       1.765450282817e+03 
       2.151124417980e-01       1.703474830992e+03 
       2.183216838653e-01       1.644735220892e+03 
       2.215309279594e-01       1.590168130620e+03 
       2.247401739928e-01       1.540502704642e+03 
       2.279494218831e-01       1.495819193695e+03 
       2.311586715523e-01       1.456281182047e+03 
       2.343679229269e-01       1.421404482515e+03 
       2.375771759372e-01       1.390653533372e+03 
       2.407864305175e-01       1.363181691904e+03 
       2.439956866054e-01       1.337998245631e+03 
       2.472049441418e-01       1.314102390956e+03 
       2.504142030707e-01       1.290677650060e+03 
       2.536234633388e-01       1.266958588364e+03 
       2.568327248957e-01       1.242422172709e+03 
       2.600419876934e-01       1.216830959424e+03 
       2.632512516861e-01       1.190056094465e+03 
       2.664605168305e-01       1.162218823634e+03 
       2.696697830851e-01       1.133580747790e+03 
       2.728790504107e-01       1.104531766147e+03 
       2.760883187696e-01       1.075572941936e+03 
       2.792975881260e-01       1.047194362744e+03 
       2.825068584457e-01       1.019860494551e+03 
       2.857161296961e-01       9.939930811294e+02 
       2.889254018460e-01       9.697738280608e+02 
       2.921346748656e-01       9.473764064765e+02 
       2.953439487264e-01       9.267930716952e+02 
       2.985532234011e-01       9.078992017487e+02 
       3.017624988636e-01       8.904527509148e+02 
       3.049717750889e-01       8.742128272968e+02 
       3.081810520530e-01       8.589376616892e+02 
       3.113903297330e-01       8.442879965298e+02 
       3.145996081070e-01       8.300128644633e+02 
       3.178088871536e-01       8.158532582159e+02 
       3.210181668528e-01       8.016521303906e+02 
       3.242274471849e-01       7.872846183781e+02 
       3.274367281313e-01       7.726266887392e+02 
       3.306460096741e-01       7.577152831751e+02 
       3.338552917959e-01       7.427139919673e+02 
       3.370645744801e-01       7.276334301056e+02 
       3.402738577107e-01       7.127089452477e+02 
       3.434831414724e-01       6.980730356384e+02 
       3.466924257504e-01       6.837600388270e+02 
       3.499017105303e-01       6.699762561424e+02 
       3.531109957984e-01       6.567739288169e+02 
       3.563202815415e-01       6.441954521906e+02 
       3.595295677468e-01       6.322670796730e+02 
       3.627388544019e-01       6.209860519808e+02 
       3.659481414950e-01       6.103251464623e+02 
       3.691574290147e-01       6.001770768239e+02 
       3.723667169497e-01       5.904558483431e+02 
       3.755760052895e-01       5.810700940404e+02 
       3.787852940237e-01       5.718723744436e+02 
       3.819945831424e-01       5.628757305714e+02 
       3.852038726358e-01       5.539457478439e+02 
       3.884131624947e-01       5.450605434523e+02 
       3.916224527100e-01       5.362454374844e+02 
       3.948317432730e-01       5.274634779649e+02 
       3.980410341752e-01       5.186825500509e+02 
       4.012503254086e-01       5.099769382247e+02 
       4.044596169651e-01       5.013473237903e+02 
       4.076689088371e-01       4.928552136234e+02 
       4.108782010172e-01       4.845342230266e+02 
       4.140874934982e-01       4.764430593428e+02 
       4.172967862732e-01       4.685718608400e+02 
       4.205060793353e-01       4.609499839339e+02 
       4.237153726780e-01       4.535719959241e+02 
       4.269246662950e-01       4.464506688778e+02 
       4.301339601801e-01       4.395669950345e+02 
       4.333432543274e-01       4.329089245146e+02 
       4.365525487309e-01       4.264683138515e+02 
       4.397618433852e-01       4.202141079226e+02 
       4.429711382847e-01       4.141221279287e+02 
       4.461804334241e-01       4.081536233609e+02 
       4.493897287983e-01       4.023243391819e+02 
       4.525990244022e-01       3.965669014142e+02 
       4.558083202310e-01       3.908599021277e+02 
       4.590176162800e-01       3.852310667920e+02 
       4.622269125444e-01       3.796642814057e+02 
       4.654362090200e-01       3.741634247495e+02 
       4.686455057023e-01       3.687338844472e+02 
       4.718548025870e-01       3.633808191143e+02 
       4.750640996702e-01       3.581241873796e+02 
       4.782733969476e-01       3.529445024029e+02 
       4.814826944156e-01       3.478655636175e+02 
       4.846919920702e-01       3.429009974744e+02 
       4.879012899078e-01       3.380577842304e+02 
       4.911105879247e-01       3.333438154746e+02 
       4.943198861176e-01       3.287581283482e+02 
       4.975291844828e-01       3.242940951728e+02 
       5.007384830173e-01       3.199368733154e+02 
       5.039477817175e-01       3.156838442117e+02 
       5.071570805806e-01       3.115203952968e+02 
       5.103663796032e-01       3.074274091167e+02 
       5.135756787825e-01       3.034322961727e+02 
       5.167849781155e-01       2.994955927527e+02 
       5.199942775994e-01       2.956255891235e+02 
       5.232035772314e-01       2.918050557705e+02 
       5.264128770087e-01       2.880358816414e+02 
       5.296221769288e-01       2.843139793528e+02 
       5.328314769889e-01       2.806418203144e+02 
       5.360407771867e-01       2.770236163769e+02 
       5.392500775196e-01       2.734627439498e+02 
       5.424593779852e-01       2.699669754802e+02 
       5.456686785812e-01       2.665353647522e+02 
       5.488779793053e-01       2.631683255689e+02 
       5.520872801552e-01       2.598626240082e+02 
       5.552965811288e-01       2.566097996268e+02 
       5.585058822239e-01       2.534385223757e+02 
       5.617151834385e-01       2.503212059821e+02 
       5.649244847704e-01       2.472652992149e+02 
       5.920415753842e-01       2.235210213373e+02 
       6.226797535043e-01       2.001974660451e+02 
       6.580901362299e-01       1.773672303459e+02 
       7.003067509750e-01       1.545973954646e+02 
       7.528858998178e-01       1.316037105621e+02 
       8.226012642188e-01       1.078761563193e+02 
       9.234399345076e-01       8.297840616062e+01 
       1.083680322121e+00       5.743254917981e+01 
       1.337148164147e+00       3.513544233787e+01 
       1.681142237939e+00       2.037829649405e+01 
       2.116394431524e+00       1.167671743369e+01 
       2.664382604611e+00       6.636025080226e+00 
       3.354258967630e+00       3.743806460731e+00 
       4.222761852088e+00       2.097752266430e+00 
       5.316142203548e+00       1.168384996700e+00 
