# Matter power spectrum P(k) at redshift z=0
# for k=1.04892e-05 to 10.3191 h/Mpc,
# number of wavenumbers equal to 321
#    1:k (h/Mpc)              2:P (Mpc/h)^3        
       1.048918815428e-05       4.788039431359e+01 
       1.098352836223e-05       5.005593814259e+01 
       1.150116610641e-05       5.233033653545e+01 
       1.204319936590e-05       5.470806569535e+01 
       1.261077786590e-05       5.719384007540e+01 
       1.320510551652e-05       5.979255485455e+01 
       1.382744296637e-05       6.250934395733e+01 
       1.447911027663e-05       6.534957597455e+01 
       1.516148972104e-05       6.831885090033e+01 
       1.587602871788e-05       7.142303137562e+01 
       1.662424290017e-05       7.466825833007e+01 
       1.740771933050e-05       7.806095258629e+01 
       1.822811986742e-05       8.160777797538e+01 
       1.908718469047e-05       8.531575282146e+01 
       1.998673599131e-05       8.919219762567e+01 
       2.092868183886e-05       9.324475750518e+01 
       2.191502022654e-05       9.748145964282e+01 
       2.294784331032e-05       1.019106500465e+02 
       2.402934184644e-05       1.065410676219e+02 
       2.516180983828e-05       1.113818612646e+02 
       2.634764940229e-05       1.164425864264e+02 
       2.758937586318e-05       1.217332362123e+02 
       2.888962308924e-05       1.272642487120e+02 
       3.025114907917e-05       1.330465437969e+02 
       3.167684181214e-05       1.390915321154e+02 
       3.316972537359e-05       1.454111495782e+02 
       3.473296636969e-05       1.520178639380e+02 
       3.636988064420e-05       1.589247147321e+02 
       3.808394031174e-05       1.661453304311e+02 
       3.987878112269e-05       1.736939597556e+02 
       4.175821017505e-05       1.815854938697e+02 
       4.372621398980e-05       1.898355041107e+02 
       4.578696696690e-05       1.984602616233e+02 
       4.794484023971e-05       2.074767821115e+02 
       5.020441094674e-05       2.169028437246e+02 
       5.257047194041e-05       2.267570359778e+02 
       5.504804195331e-05       2.370587839406e+02 
       5.764237624361e-05       2.478284032771e+02 
       6.035897774218e-05       2.590871157932e+02 
       6.320360872500e-05       2.708571097892e+02 
       6.618230303579e-05       2.831615772476e+02 
       6.930137888453e-05       2.960247499511e+02 
       7.256745224928e-05       3.094719657248e+02 
       7.598745090955e-05       3.235296973784e+02 
       7.956862914100e-05       3.382256129017e+02 
       8.331858310282e-05       3.535886289040e+02 
       8.724526695011e-05       3.696489614110e+02 
       9.135700970578e-05       3.864381896951e+02 
       9.566253292749e-05       4.039893081139e+02 
       1.001709692072e-04       4.223367946505e+02 
       1.048918815428e-04       4.415166732490e+02 
       1.098352836223e-04       4.615665817051e+02 
       1.150116610641e-04       4.825258405997e+02 
       1.204319936590e-04       5.044355271712e+02 
       1.261077786590e-04       5.273385500183e+02 
       1.320510551652e-04       5.512797279696e+02 
       1.382744296637e-04       5.763058710866e+02 
       1.447911027663e-04       6.024658629348e+02 
       1.516148972104e-04       6.298107521747e+02 
       1.587602871788e-04       6.583938362241e+02 
       1.662424290017e-04       6.882707588685e+02 
       1.740771933050e-04       7.194996053329e+02 
       1.822811986742e-04       7.521409986928e+02 
       1.908718469047e-04       7.862582029641e+02 
       1.998673599131e-04       8.219172272223e+02 
       2.092868183886e-04       8.591869326059e+02 
       2.191502022654e-04       8.981391436632e+02 
       2.294784331032e-04       9.388487555783e+02 
       2.402934184644e-04       9.813938530876e+02 
       2.516180983828e-04       1.025855824825e+03 
       2.634764940229e-04       1.072319479512e+03 
       2.758937586318e-04       1.120873168001e+03 
       2.888962308924e-04       1.171608902950e+03 
       3.025114907917e-04       1.224622476150e+03 
       3.167684181215e-04       1.280013586294e+03 
       3.316972537359e-04       1.337885954167e+03 
       3.473296636969e-04       1.398347446863e+03 
       3.636988064420e-04       1.461510194410e+03 
       3.808394031174e-04       1.527490708581e+03 
       3.987878112269e-04       1.596409996244e+03 
       4.175821017505e-04       1.668393670669e+03 
       4.372621398980e-04       1.743572060027e+03 
       4.578696696690e-04       1.822080310498e+03 
       4.794484023971e-04       1.904058477742e+03 
       5.020441094674e-04       1.989651622108e+03 
       5.257047194041e-04       2.079009888173e+03 
       5.504804195331e-04       2.172288575234e+03 
       5.764237624361e-04       2.269648200572e+03 
       6.035897774218e-04       2.371254543450e+03 
       6.320360872500e-04       2.477278672383e+03 
       6.618230303579e-04       2.587896971828e+03 
       6.930137888453e-04       2.703291107878e+03 
       7.256745224928e-04       2.823648009446e+03 
       7.598745090955e-04       2.949159780775e+03 
       7.956862914100e-04       3.080023596211e+03 
       8.331858310282e-04       3.216441550850e+03 
       8.724526695011e-04       3.358620434149e+03 
       9.135700970578e-04       3.506771463891e+03 
       9.566253292749e-04       3.661109963834e+03 
       1.001709692072e-03       3.821854951749e+03 
       1.048918815428e-03       3.989228640446e+03 
       1.098352836223e-03       4.163455911173e+03 
       1.150116610641e-03       4.344763679670e+03 
       1.204319936590e-03       4.533380147199e+03 
       1.261077786590e-03       4.729534075691e+03 
       1.320510551652e-03       4.933453941818e+03 
       1.382744296637e-03       5.145348204017e+03 
       1.447911027663e-03       5.365447858315e+03 
       1.516148972104e-03       5.593984402302e+03 
       1.587602871788e-03       5.831174198436e+03 
       1.662424290017e-03       6.077227532920e+03 
       1.740771933050e-03       6.332346951316e+03 
       1.822811986742e-03       6.596725629504e+03 
       1.908718469047e-03       6.870545562312e+03 
       1.998673599131e-03       7.153975789312e+03 
       2.092868183886e-03       7.447170248990e+03 
       2.191502022654e-03       7.750266008741e+03 
       2.294784331032e-03       8.063381100707e+03 
       2.402934184644e-03       8.386612721794e+03 
       2.516180983828e-03       8.720031259650e+03 
       2.634764940229e-03       9.063684965680e+03 
       2.758937586318e-03       9.417589826081e+03 
       2.888962308924e-03       9.781730015931e+03 
       3.025114907917e-03       1.015605446631e+04 
       3.167684181215e-03       1.054047333566e+04 
       3.316972537359e-03       1.093485378958e+04 
       3.473296636969e-03       1.133901626175e+04 
       3.636988064420e-03       1.175273198683e+04 
       3.808394031174e-03       1.217571520444e+04 
       3.987878112269e-03       1.260762805966e+04 
       4.175821017505e-03       1.304806471649e+04 
       4.372621398980e-03       1.349655310219e+04 
       4.578696696690e-03       1.395255420618e+04 
       4.794484023971e-03       1.441544453627e+04 
       5.020441094674e-03       1.488451638962e+04 
       5.257047194041e-03       1.535900279270e+04 
       5.504804195331e-03       1.583801979771e+04 
       5.764237624361e-03       1.632056782023e+04 
       6.035897774218e-03       1.680555875230e+04 
       6.320360872500e-03       1.729179999247e+04 
       6.618230303579e-03       1.777797995945e+04 
       6.930137888453e-03       1.826266477085e+04 
       7.256745224929e-03       1.874431319374e+04 
       7.598745090955e-03       1.922123387030e+04 
       7.956862914100e-03       1.969161946519e+04 
       8.331858310282e-03       2.015352924693e+04 
       8.724526695011e-03       2.060490521770e+04 
       9.135700970578e-03       2.104352235756e+04 
       9.566253292749e-03       2.146703407026e+04 
       1.001709692072e-02       2.187292911262e+04 
       1.048918815428e-02       2.225856353535e+04 
       1.098352836223e-02       2.262117581474e+04 
       1.150116610641e-02       2.295788324294e+04 
       1.204319936590e-02       2.326570752224e+04 
       1.261077786590e-02       2.354160198716e+04 
       1.320510551652e-02       2.378248843079e+04 
       1.382744296637e-02       2.398520804385e+04 
       1.447911027663e-02       2.414655637260e+04 
       1.516148972102e-02       2.426336340792e+04 
       1.587602871779e-02       2.433249620691e+04 
       1.662424289969e-02       2.435094817059e+04 
       1.740771932816e-02       2.431591452561e+04 
       1.822811985689e-02       2.422488166855e+04 
       1.908718464664e-02       2.407567379991e+04 
       1.998673582213e-02       2.386662069542e+04 
       2.092868123137e-02       2.359671212279e+04 
       2.191501819131e-02       2.326567583017e+04 
       2.294783693040e-02       2.287402581708e+04 
       2.402932308048e-02       2.242302916337e+04 
       2.516175790149e-02       2.191513669242e+04 
       2.634751379232e-02       2.135393421756e+04 
       2.758904093915e-02       2.074416002670e+04 
       2.888883871888e-02       2.009194398266e+04 
       3.024940307803e-02       1.940460869340e+04 
       3.167313944731e-02       1.869068302091e+04 
       3.316223143534e-02       1.795969117585e+04 
       3.471846083297e-02       1.722232048516e+04 
       3.634298667703e-02       1.648954567022e+04 
       3.803611102969e-02       1.577285376380e+04 
       3.979708317524e-02       1.508309298483e+04 
       4.162401175421e-02       1.443017674131e+04 
       4.351395028782e-02       1.382214878483e+04 
       4.546318399981e-02       1.326477592341e+04 
       4.746768141145e-02       1.276085102345e+04 
       4.952361251332e-02       1.231010992229e+04 
       5.162781209834e-02       1.190932228793e+04 
       5.377809531483e-02       1.155281374715e+04 
       5.597339252039e-02       1.123253035084e+04 
       5.821372713141e-02       1.093907921428e+04 
       6.050009034699e-02       1.066204924457e+04 
       6.283426896592e-02       1.039078568325e+04 
       6.521866860954e-02       1.011495203178e+04 
       6.765615689405e-02       9.825227666400e+03 
       7.014993661546e-02       9.514112228109e+03 
       7.270344984382e-02       9.176381359269e+03 
       7.532030921864e-02       8.809812646747e+03 
       7.800425113574e-02       8.415396603047e+03 
       8.075910554658e-02       7.997515074303e+03 
       8.358877783248e-02       7.563665535428e+03 
       8.649723915171e-02       7.123841107014e+03 
       8.948852253863e-02       6.689743070733e+03 
       9.256672276964e-02       6.273449042939e+03 
       9.573599858493e-02       5.886298897697e+03 
       9.900057628554e-02       5.537602094206e+03 
       1.023647540408e-01       5.233618437373e+03 
       1.058329064679e-01       4.976781289801e+03 
       1.094094892092e-01       4.765304538439e+03 
       1.130990433461e-01       4.593030178912e+03 
       1.169061995764e-01       4.449841698011e+03 
       1.208356821369e-01       4.322464723033e+03 
       1.248923125024e-01       4.196016389602e+03 
       1.290810129243e-01       4.056306921629e+03 
       1.334068098980e-01       3.892613964480e+03 
       1.378748376713e-01       3.700255216148e+03 
       1.424903419238e-01       3.482110479147e+03 
       1.472586837624e-01       3.248281218629e+03 
       1.521853441929e-01       3.013793494399e+03 
       1.572759292412e-01       2.794892829661e+03 
       1.625361759078e-01       2.604975488989e+03 
       1.679719591548e-01       2.451229652424e+03 
       1.735893001313e-01       2.332817473988e+03 
       1.793943758598e-01       2.241030664318e+03 
       1.853935306156e-01       2.161952397284e+03 
       1.915932892435e-01       2.079811837087e+03 
       1.980003726743e-01       1.981340758079e+03 
       2.046217159164e-01       1.863117776755e+03 
       2.114644888204e-01       1.732350791589e+03 
       2.185361199372e-01       1.602687650402e+03 
       2.258443238197e-01       1.487366363016e+03 
       2.333971321546e-01       1.393986852338e+03 
       2.412029291566e-01       1.321868116533e+03 
       2.492704917122e-01       1.262158431131e+03 
       2.576090348312e-01       1.202543109743e+03 
       2.662282630514e-01       1.134581256745e+03 
       2.751384285472e-01       1.058173404103e+03 
       2.843503968272e-01       9.809818606706e+02 
       2.938757210631e-01       9.126573586620e+02 
       3.037267262914e-01       8.571072313132e+02 
       3.139166049620e-01       8.105503804486e+02 
       3.244595255930e-01       7.656573685872e+02 
       3.353707566271e-01       7.174143462520e+02 
       3.466668079851e-01       6.673848977663e+02 
       3.583655932783e-01       6.207609777893e+02 
       3.704866161819e-01       5.807456639421e+02 
       3.830511850868e-01       5.454492200608e+02 
       3.960826608262e-01       5.108856938259e+02 
       4.096067430028e-01       4.758927876810e+02 
       4.236518011708e-01       4.425100653042e+02 
       4.382492577752e-01       4.124758806593e+02 
       4.534340301767e-01       3.851200746214e+02 
       4.692450390414e-01       3.586569849041e+02 
       4.857257894714e-01       3.329447801438e+02 
       5.029250288693e-01       3.091351048019e+02 
       5.208974807418e-01       2.872171800436e+02 
       5.397046450993e-01       2.662567043639e+02 
       5.594156419352e-01       2.463356010807e+02 
       5.801080520984e-01       2.278032907177e+02 
       6.018686771492e-01       2.103695305451e+02 
       6.247940946313e-01       1.938434680492e+02 
       6.489908284960e-01       1.783774785623e+02 
       6.745748935494e-01       1.638406185010e+02 
       7.016704272747e-01       1.501656719374e+02 
       7.304071295885e-01       1.373706718276e+02 
       7.609163463767e-01       1.253826083025e+02 
       7.933259123844e-01       1.141940137798e+02 
       8.277543246843e-01       1.037764928559e+02 
       8.643053478203e-01       9.411588087463e+01 
       9.030645030594e-01       8.518633441639e+01 
       9.440987472938e-01       7.697344715963e+01 
       9.874598538119e-01       6.944648528726e+01 
       1.033190821763e+00       6.257471758396e+01 
       1.081333658063e+00       5.632226284365e+01 
       1.131936616459e+00       5.064974363091e+01 
       1.185059496298e+00       4.551592625425e+01 
       1.240776498806e+00       4.087817662034e+01 
       1.299176923790e+00       3.669289598407e+01 
       1.360364403650e+00       3.291991388161e+01 
       1.424455424330e+00       2.952270053801e+01 
       1.491577720269e+00       2.646510701810e+01 
       1.561868901070e+00       2.371495343166e+01 
       1.635475464209e+00       2.124238423515e+01 
       1.712552207967e+00       1.902082981653e+01 
       1.793261983620e+00       1.702528225693e+01 
       1.877775700623e+00       1.523354250339e+01 
       1.966272503719e+00       1.362596538922e+01 
       2.058940059588e+00       1.218377659181e+01 
       2.155974911538e+00       1.089060104340e+01 
       2.257582877787e+00       9.731558728802e+00 
       2.363979480681e+00       8.693099986793e+00 
       2.475390401173e+00       7.763050335732e+00 
       2.592051956628e+00       6.930321198332e+00 
       2.714211601814e+00       6.185074976383e+00 
       2.842128453710e+00       5.518371473667e+00 
       2.976073841108e+00       4.922103669703e+00 
       3.116331880131e+00       4.389004808297e+00 
       3.263200076887e+00       3.912580941814e+00 
       3.416989958510e+00       3.486890601683e+00 
       3.578027733959e+00       3.106703862472e+00 
       3.746654985946e+00       2.767233352737e+00 
       3.923229395481e+00       2.464223745233e+00 
       4.108125500561e+00       2.193842054880e+00 
       4.301735490613e+00       1.952626575848e+00 
       4.504470038385e+00       1.737508876236e+00 
       4.716759171033e+00       1.545729155616e+00 
       4.939053182269e+00       1.374813492472e+00 
       5.171823587496e+00       1.222498063081e+00 
       5.415564123950e+00       1.086811735807e+00 
       5.670791797988e+00       9.659681710367e-01 
       5.938047981727e+00       8.583734581955e-01 
       6.217899561362e+00       7.626022009615e-01 
       6.510940139615e+00       6.773721642213e-01 
       6.817791294842e+00       6.015386445252e-01 
       7.139103899482e+00       5.340875979268e-01 
       7.475559500649e+00       4.741026676756e-01 
       7.827871765782e+00       4.207727850039e-01 
       8.196787996432e+00       3.733693301953e-01 
       8.583090713385e+00       3.312443487984e-01 
       8.987599316496e+00       2.938159404570e-01 
       9.411171822746e+00       2.605689716686e-01 
       9.854706686209e+00       2.310403095944e-01 
       1.031914470380e+01       2.048211327344e-01 
