# Matter power spectrum P(k) at redshift z=0
# for k=1.03921e-05 to 10.2236 h/Mpc,
# number of wavenumbers equal to 321
#    1:k (h/Mpc)              2:P (Mpc/h)^3        
       1.039206958366e-05       4.901980427871e+01 
       1.088183273438e-05       5.124865274542e+01 
       1.139467771129e-05       5.357884604131e+01 
       1.193169232733e-05       5.601497893763e+01 
       1.249401566250e-05       5.856186685275e+01 
       1.308284048000e-05       6.122457312946e+01 
       1.369941575621e-05       6.400832719733e+01 
       1.434504932994e-05       6.691864623853e+01 
       1.502111067658e-05       6.996127605653e+01 
       1.572903381288e-05       7.314224360664e+01 
       1.647032033872e-05       7.646783429547e+01 
       1.724654262222e-05       7.994462593054e+01 
       1.805934713491e-05       8.357948256613e+01 
       1.891045794412e-05       8.737955280019e+01 
       1.980168037000e-05       9.135244834304e+01 
       2.073490481481e-05       9.550589344114e+01 
       2.171211077271e-05       9.984820754699e+01 
       2.273537102854e-05       1.043879195815e+02 
       2.380685605452e-05       1.091339936801e+02 
       2.492883861402e-05       1.140958266710e+02 
       2.610369858250e-05       1.192831933244e+02 
       2.733392799545e-05       1.247063696655e+02 
       2.862213633440e-05       1.303760490304e+02 
       2.997105606196e-05       1.363034567815e+02 
       3.138354841771e-05       1.425002669115e+02 
       3.286260948732e-05       1.489787266999e+02 
       3.441137655762e-05       1.557516279516e+02 
       3.603313477122e-05       1.628323093322e+02 
       3.773132409471e-05       1.702348190216e+02 
       3.950954661533e-05       1.779736940602e+02 
       4.137157418146e-05       1.860642467081e+02 
       4.332135640321e-05       1.945224064548e+02 
       4.536302903009e-05       2.033648497002e+02 
       4.750092272347e-05       2.126090351587e+02 
       4.973957224250e-05       2.222731565919e+02 
       5.208372606297e-05       2.323762583339e+02 
       5.453835644939e-05       2.429382523126e+02 
       5.710867000194e-05       2.539798964746e+02 
       5.980011870025e-05       2.655229389926e+02 
       6.261841146786e-05       2.775900986981e+02 
       6.556952628159e-05       2.902050991663e+02 
       6.865972285163e-05       3.033927508573e+02 
       7.189555589920e-05       3.171789000485e+02 
       7.528388906005e-05       3.315906142731e+02 
       7.883190944307e-05       3.466561807818e+02 
       8.254714287520e-05       3.624051204018e+02 
       8.643746986466e-05       3.788682531028e+02 
       9.051114231658e-05       3.960778293557e+02 
       9.477680103639e-05       4.140674805029e+02 
       9.924349405814e-05       4.328723312685e+02 
       1.039206958366e-04       4.525290836200e+02 
       1.088183273438e-04       4.730760427106e+02 
       1.139467771129e-04       4.945531950737e+02 
       1.193169232733e-04       5.170023089086e+02 
       1.249401566250e-04       5.404669675156e+02 
       1.308284048000e-04       5.649926648637e+02 
       1.369941575621e-04       5.906268727307e+02 
       1.434504932994e-04       6.174191944518e+02 
       1.502111067658e-04       6.454213205668e+02 
       1.572903381288e-04       6.746872314254e+02 
       1.647032033872e-04       7.052732364901e+02 
       1.724654262222e-04       7.372381035761e+02 
       1.805934713491e-04       7.706432039052e+02 
       1.891045794412e-04       8.055525280756e+02 
       1.980168037000e-04       8.420328325225e+02 
       2.073490481481e-04       8.801538547536e+02 
       2.171211077271e-04       9.199883515639e+02 
       2.273537102854e-04       9.616123219444e+02 
       2.380685605452e-04       1.005105074309e+03 
       2.492883861402e-04       1.050549505192e+03 
       2.610369858250e-04       1.098032195647e+03 
       2.733392799545e-04       1.147643638765e+03 
       2.862213633440e-04       1.199478429476e+03 
       2.997105606196e-04       1.253635487950e+03 
       3.138354841771e-04       1.310218275852e+03 
       3.286260948732e-04       1.369335033178e+03 
       3.441137655762e-04       1.431098990935e+03 
       3.603313477122e-04       1.495628623052e+03 
       3.773132409471e-04       1.563047832116e+03 
       3.950954661533e-04       1.633486179050e+03 
       4.137157418146e-04       1.707079065909e+03 
       4.332135640321e-04       1.783967866163e+03 
       4.536302903009e-04       1.864300050155e+03 
       4.750092272347e-04       1.948229260188e+03 
       4.973957224250e-04       2.035915320217e+03 
       5.208372606297e-04       2.127524194850e+03 
       5.453835644939e-04       2.223227897580e+03 
       5.710867000194e-04       2.323204337515e+03 
       5.980011870025e-04       2.427637115457e+03 
       6.261841146786e-04       2.536715237414e+03 
       6.556952628159e-04       2.650632881631e+03 
       6.865972285163e-04       2.769588935982e+03 
       7.189555589921e-04       2.893786783222e+03 
       7.528388906005e-04       3.023433766924e+03 
       7.883190944307e-04       3.158741032554e+03 
       8.254714287520e-04       3.299922764759e+03 
       8.643746986466e-04       3.447196391530e+03 
       9.051114231658e-04       3.600781523130e+03 
       9.477680103639e-04       3.760900058962e+03 
       9.924349405814e-04       3.927775894872e+03 
       1.039206958366e-03       4.101634095766e+03 
       1.088183273438e-03       4.282700885638e+03 
       1.139467771129e-03       4.471202993992e+03 
       1.193169232733e-03       4.667367587331e+03 
       1.249401566250e-03       4.871421526967e+03 
       1.308284048000e-03       5.083590618361e+03 
       1.369941575621e-03       5.304078568888e+03 
       1.434504932994e-03       5.533116392103e+03 
       1.502111067658e-03       5.770931879188e+03 
       1.572903381288e-03       6.017738915322e+03 
       1.647032033872e-03       6.273746092107e+03 
       1.724654262222e-03       6.539154448779e+03 
       1.805934713491e-03       6.814156184001e+03 
       1.891045794412e-03       7.098932670344e+03 
       1.980168037000e-03       7.393652753859e+03 
       2.073490481481e-03       7.698469955029e+03 
       2.171211077271e-03       8.013521221202e+03 
       2.273537102854e-03       8.338923854969e+03 
       2.380685605452e-03       8.674773304126e+03 
       2.492883861402e-03       9.021139943607e+03 
       2.610369858250e-03       9.378067194967e+03 
       2.733392799545e-03       9.745567619634e+03 
       2.862213633440e-03       1.012362009585e+04 
       2.997105606196e-03       1.051216659936e+04 
       3.138354841771e-03       1.091110870027e+04 
       3.286260948732e-03       1.132030345936e+04 
       3.441137655762e-03       1.173955960142e+04 
       3.603313477122e-03       1.216863402688e+04 
       3.773132409471e-03       1.260722516060e+04 
       3.950954661533e-03       1.305497706624e+04 
       4.137157418146e-03       1.351146369879e+04 
       4.332135640321e-03       1.397619230863e+04 
       4.536302903009e-03       1.444859588242e+04 
       4.750092272347e-03       1.492802906095e+04 
       4.973957224250e-03       1.541376559266e+04 
       5.208372606297e-03       1.590497507441e+04 
       5.453835644939e-03       1.640074691536e+04 
       5.710867000194e-03       1.690005296432e+04 
       5.980011870025e-03       1.740177379805e+04 
       6.261841146786e-03       1.790467099968e+04 
       6.556952628159e-03       1.840736467288e+04 
       6.865972285163e-03       1.890837865415e+04 
       7.189555589921e-03       1.940611131962e+04 
       7.528388906005e-03       1.989880618700e+04 
       7.883190944307e-03       2.038457783799e+04 
       8.254714287520e-03       2.086140995151e+04 
       8.643746986466e-03       2.132715214216e+04 
       9.051114231658e-03       2.177950666652e+04 
       9.477680103639e-03       2.221604922630e+04 
       9.924349405814e-03       2.263419205151e+04 
       1.039206958366e-02       2.303118465299e+04 
       1.088183273438e-02       2.340419118012e+04 
       1.139467771129e-02       2.375018954547e+04 
       1.193169232733e-02       2.406607918866e+04 
       1.249401566250e-02       2.434866448547e+04 
       1.308284048000e-02       2.459475476368e+04 
       1.369941575621e-02       2.480106125562e+04 
       1.434504932994e-02       2.496434347041e+04 
       1.502111067657e-02       2.508134189876e+04 
       1.572903381279e-02       2.514886919753e+04 
       1.647032033825e-02       2.516387136929e+04 
       1.724654261989e-02       2.512345133297e+04 
       1.805934712441e-02       2.502503382874e+04 
       1.891045790046e-02       2.486638105282e+04 
       1.980168020152e-02       2.464580026118e+04 
       2.073490420996e-02       2.436225876246e+04 
       2.171210874690e-02       2.401533301826e+04 
       2.273536467987e-02       2.360570093082e+04 
       2.380683738526e-02       2.313479999269e+04 
       2.492878695757e-02       2.260530328953e+04 
       2.610356373618e-02       2.202098253165e+04 
       2.733359503220e-02       2.138660925368e+04 
       2.862135672322e-02       2.070860682265e+04 
       2.996932101025e-02       1.999458667237e+04 
       3.137986999238e-02       1.925343481895e+04 
       3.285516540525e-02       1.849518248383e+04 
       3.439697013166e-02       1.773059258943e+04 
       3.600642922597e-02       1.697142069440e+04 
       3.768383794187e-02       1.622926767777e+04 
       3.942844807189e-02       1.551545679648e+04 
       4.123838150078e-02       1.484015988573e+04 
       4.311071572573e-02       1.421169197526e+04 
       4.504176876490e-02       1.363602294481e+04 
       4.702754699134e-02       1.311594634511e+04 
       4.906425842990e-02       1.265105633654e+04 
       5.114877126325e-02       1.223810595533e+04 
       5.327892568756e-02       1.187102899507e+04 
       5.545366677103e-02       1.154156244325e+04 
       5.767302197120e-02       1.123989923438e+04 
       5.993797674207e-02       1.095527613071e+04 
       6.225030388495e-02       1.067659716030e+04 
       6.461238848450e-02       1.039317422719e+04 
       6.702707267303e-02       1.009537282509e+04 
       6.949753014242e-02       9.775387546505e+03 
       7.202717126523e-02       9.427849266584e+03 
       7.461957513978e-02       9.050420724084e+03 
       7.727844329761e-02       8.644161105441e+03 
       8.000756984614e-02       8.213611518336e+03 
       8.281082355548e-02       7.766513034790e+03 
       8.569213832516e-02       7.313282238223e+03 
       8.865550933918e-02       6.865963634618e+03 
       9.170499294536e-02       6.437096858519e+03 
       9.484470886349e-02       6.038403501628e+03 
       9.807884375248e-02       5.679499964074e+03 
       1.014116554790e-01       5.366842047946e+03 
       1.048474776542e-01       5.102955047330e+03 
       1.083907241672e-01       4.885944723023e+03 
       1.120458935571e-01       4.709471203870e+03 
       1.158175731488e-01       4.563034860906e+03 
       1.197104429383e-01       4.432928732528e+03 
       1.237292792558e-01       4.303721080825e+03 
       1.278789582701e-01       4.160779646733e+03 
       1.321644594233e-01       3.992959993775e+03 
       1.365908689068e-01       3.795437308996e+03 
       1.411633833065e-01       3.571205515660e+03 
       1.458873135623e-01       3.330707324059e+03 
       1.507680894000e-01       3.089495267257e+03 
       1.558112644067e-01       2.864377715858e+03 
       1.610225219332e-01       2.669207033504e+03 
       1.664076820194e-01       2.511408688449e+03 
       1.719727095476e-01       2.390108388531e+03 
       1.777237238441e-01       2.296299555520e+03 
       1.836670099580e-01       2.215606244472e+03 
       1.898090318608e-01       2.131687148888e+03 
       1.961564478261e-01       2.030833701242e+03 
       2.027161282616e-01       1.909506109537e+03 
       2.094951762894e-01       1.775173901007e+03 
       2.165009513925e-01       1.641950348317e+03 
       2.237410964732e-01       1.523517268459e+03 
       2.312235687072e-01       1.427752417915e+03 
       2.389566746219e-01       1.353945973298e+03 
       2.469491098817e-01       1.292933342687e+03 
       2.552100043325e-01       1.231980077802e+03 
       2.637489729470e-01       1.162352522702e+03 
       2.725761734138e-01       1.083958668478e+03 
       2.817023712464e-01       1.004721881739e+03 
       2.911390134485e-01       9.346344213028e+02 
       3.008983119630e-01       8.777312687545e+02 
       3.109933383679e-01       8.301092910748e+02 
       3.214381315620e-01       7.841765666202e+02 
       3.322478205188e-01       7.347482329849e+02 
       3.434387645800e-01       6.834413321995e+02 
       3.550287142273e-01       6.356374901263e+02 
       3.670369958018e-01       5.946542223785e+02 
       3.794847242525e-01       5.585274409144e+02 
       3.923950486693e-01       5.231383744779e+02 
       4.057934360749e-01       4.872834286278e+02 
       4.197079996756e-01       4.530735073330e+02 
       4.341698784090e-01       4.223124230197e+02 
       4.492136750502e-01       3.943075161986e+02 
       4.648779600837e-01       3.672090326506e+02 
       4.812058476523e-01       3.408664207916e+02 
       4.982456475228e-01       3.164843942340e+02 
       5.160515922558e-01       2.940431615518e+02 
       5.346846302801e-01       2.725771017597e+02 
       5.542132615041e-01       2.521751492222e+02 
       5.747143700991e-01       2.332007541771e+02 
       5.962739766270e-01       2.153500996716e+02 
       6.189877869010e-01       1.984290653378e+02 
       6.429613587716e-01       1.825925727288e+02 
       6.683096477485e-01       1.677095760068e+02 
       6.951556474094e-01       1.537078832905e+02 
       7.236278480040e-01       1.406082212216e+02 
       7.538563514262e-01       1.283354810266e+02 
       7.859677585639e-01       1.168808123806e+02 
       8.200793969913e-01       1.062165702749e+02 
       8.562939817163e-01       9.632676718576e+01 
       8.946961483077e-01       8.718620458973e+01 
       9.353521496663e-01       7.877914717332e+01 
       9.783132194426e-01       7.107476766939e+01 
       1.023621930403e+00       6.404119674348e+01 
       1.071319904375e+00       5.764187076611e+01 
       1.121454977288e+00       5.183616560422e+01 
       1.174086438275e+00       4.658168316837e+01 
       1.229287849149e+00       4.183497005340e+01 
       1.287147726976e+00       3.755173011779e+01 
       1.347768780942e+00       3.369041878304e+01 
       1.411266445717e+00       3.021367166606e+01 
       1.477767291943e+00       2.708442689549e+01 
       1.547407667261e+00       2.426980397219e+01 
       1.620332720031e+00       2.173947810858e+01 
       1.696695819346e+00       1.946583755681e+01 
       1.776658310783e+00       1.742363277459e+01 
       1.860389522396e+00       1.559009578983e+01 
       1.948066940706e+00       1.394495724692e+01 
       2.039876495001e+00       1.246901555936e+01 
       2.136012908883e+00       1.114561543287e+01 
       2.236680094946e+00       9.959430349594e+00 
       2.342091580038e+00       8.896723452496e+00 
       2.452470955554e+00       7.944936552380e+00 
       2.568052350814e+00       7.092746500582e+00 
       2.689080929425e+00       6.330066942356e+00 
       2.815813409220e+00       5.647781076029e+00 
       2.948518606778e+00       5.037562850066e+00 
       3.087478007617e+00       4.492008896331e+00 
       3.232986363255e+00       4.004444254557e+00 
       3.385352316423e+00       3.568782769608e+00 
       3.544899055737e+00       3.179687631265e+00 
       3.711965001221e+00       2.832269011779e+00 
       3.886904522144e+00       2.522165310059e+00 
       4.070088688686e+00       2.245446286786e+00 
       4.261906059022e+00       1.998589446139e+00 
       4.462763503513e+00       1.778418607335e+00 
       4.673087067728e+00       1.582144505330e+00 
       4.893322876145e+00       1.407216848242e+00 
       5.123938078442e+00       1.251326034699e+00 
       5.365421840382e+00       1.112453328661e+00 
       5.618286381400e+00       9.887713762340e-01 
       5.883068061089e+00       8.786487552300e-01 
       6.160328516893e+00       7.806274514537e-01 
       6.450655855411e+00       6.933915655780e-01 
       6.754665899852e+00       6.157721600024e-01 
       7.073003496281e+00       5.467332035928e-01 
       7.406343881420e+00       4.853339412576e-01 
       7.755394114917e+00       4.307468396496e-01 
       8.120894579115e+00       3.822277109752e-01 
       8.503620549503e+00       3.391072623997e-01 
       8.904383839177e+00       3.007954305496e-01 
       9.324034520806e+00       2.667635794787e-01 
       9.763462729748e+00       2.365347843231e-01 
       1.022360055215e+01       2.096966889200e-01 
